8329591738
8328932401
8333104803
8250168617
8342887835
8205504908
8267739127
8332265490
8219847573
8285574741
8379964592
8252079241
8208780168
8281552854
8313626588
8297354749
8331663813
8273785726
8224434166
8274192149
8255420840
8334199404
8239397445
8211043393
8229124080
8270235635
8337233300
8235842348
8209046356
8951766703
8337802219
8222713314
8238752811
8201412176
8203686008
8261529436
8258973360
8233946323
8327609142
8244032114
8337523703
8368391698
8252126028
8307338200
8223704726
8254064811
8238717967
8202193868
8306531639
8330091924
8307939365
8327127835
8291202366
8273287312
8245663630
8330987894
8223283261
8294878066
8203194401
8268378853
8204614286
8309588672
8227202922
8238204445
8334319994
8815824068
8326222362
8197961364
8239425533
8292649267
8197673457
8202643985
8243424693
8250980038
8302241518
8353263706
8213011211
8332828524
8402570562
8228693777
8213152134
8327071088
8326779248
8332777277
8198924249
8331575611
8327804668
8219526020
8214579865
8328010256
8331514095
8251297437
8232933300
8334807172
8283937708
8332874801
8200111858
8237458244
8328515753
8332018364
