8136959434
8145717405
8113948705
8143707672
8246246703
8124888555
8052754565
8147393932
8072355580
8102751315
8119190200
8080964273
8143429437
8116386488
8141093887
8085642521
8107109322
8110595130
8018932022
8065056725
8134967539
8049123602
8089173118
8070647629
8062419171
8117419434
8138073114
8147676320
8026663425
8137276449
8154735523
8142530322
8097666122
8022338404
8031372853
8141038420
8088501512
8613655213
8148043160
8195482181
8140502722
8139846044
8078294751
8104956953
8061380772
8147606586
8079787122
8089314014
8619321813
8139281991
8127768870
8145745779
8026867214
8045695038
8613226717
8147856431
8055564243
8039119202
8032158649
8146422855
8093853017
8084618703
8041352028
8197112908
8111980745
8071838027
8123977129
8043863849
8150472033
8070284197
8040816956
8140507703
8101930178
8242546912
8062508780
8714244759
8047479926
8114539962
8157592780
8043004941
8147612503
8141895232
8196062212
8115560561
8132294029
8034137092
8113057475
8047676141
8158920359
8146221582
8036176013
8043321415
8205223759
8055134162
8146324889
8617269548
8080366265
8086414205
8092452759
8142495976
